batch:10000_2000 patch:100_10 train:100_0.001_PRO [  1.41345704e+00   5.22402753e+01   8.25673403e-01   7.24113089e-32
   8.77960556e-02   9.73338460e-01   9.96622562e-01              nan
   1.70147366e-01   2.43158800e-02   3.11839361e-03              nan
   1.74848423e-01]
batch:10000_2000 patch:100_10 train:100_0.001_NUM [  7.68053295e+01   3.52349067e+03   8.54455295e-01   3.27369345e-36
   4.24537165e+00   9.35874866e-01   9.58095228e-01              nan
   5.66270716e-01   4.65545429e-02   2.76988035e-02              nan
   3.97466373e-01]
batch:10000_2000 patch:100_10 train:100_0.005_PRO [  5.41965709e+00   6.97951310e+01   9.52948470e-01   1.43789942e-64
   1.56726334e-01   9.76219119e-01   9.99177555e-01              nan
   1.49398091e-01   2.26582556e-02   6.91161450e-04              nan
   1.58473221e-01]
batch:10000_2000 patch:100_10 train:100_0.005_NUM [  3.91887934e+02   1.13576596e+04   9.49323863e-01   1.14932574e-62
   1.17950166e+01   7.88739724e-01   8.04457240e-01              nan
   2.17339983e+00   1.55091876e-01   1.42633885e-01              nan
   1.60104998e+00]
batch:10000_2000 patch:100_10 train:100_0.01_PRO [  1.93568112e+01   1.43706017e+02   9.78166774e-01   2.03993651e-84
   3.73868284e-01   9.76524469e-01   9.98039155e-01              nan
   1.13177200e-01   2.23293546e-02   1.52726049e-03              nan
   1.21921026e-01]
batch:10000_2000 patch:100_10 train:100_0.01_NUM [  4.87708087e+02   1.33057587e+04   9.55280925e-01   7.11460921e-66
   1.37242037e+01   7.42606962e-01   7.56458367e-01              nan
   2.64539498e+00   1.85033369e-01   1.74701503e-01              nan
   1.96963658e+00]
batch:10000_2000 patch:100_10 train:100_0.05_PRO [  2.54554670e+01   2.33707264e+02   9.84228665e-01   6.94674027e-93
   4.15932125e-01   9.71055872e-01   9.89988467e-01              nan
   1.08850076e-01   2.43420481e-02   6.73405755e-03              nan
   1.08873845e-01]
batch:10000_2000 patch:100_10 train:100_0.05_NUM [  5.83565328e+02   2.22113809e+04   9.53385049e-01   8.28840478e-65
   1.67913265e+01   6.42226289e-01   6.52976158e-01              nan
   3.51443196e+00   2.10111656e-01   2.03015040e-01              nan
   2.33174694e+00]
batch:10000_2000 patch:100_20 train:100_0.001_PRO [  2.25219898e-01   9.08419792e+00   7.71833494e-01   1.49137663e-25
   1.68666119e-02   9.73718998e-01   9.97335947e-01              nan
   1.71827711e-01   2.42545148e-02   2.60945758e-03              nan
   1.76302783e-01]
batch:10000_2000 patch:100_20 train:100_0.001_NUM [  3.18378181e+01   1.43333435e+03   8.92110324e-01   1.44169766e-43
   1.46586919e+00   9.02527180e-01   9.23451997e-01              nan
   8.39837959e-01   6.73119468e-02   4.95980448e-02              nan
   5.61863665e-01]
batch:10000_2000 patch:100_20 train:100_0.005_PRO [  1.47463851e-01   2.79051559e+00   6.96408944e-01   3.78611617e-19
   1.38145999e-02   9.75958101e-01   9.99937391e-01              nan
   1.68841205e-01   2.32004657e-02   1.24474629e-04              nan
   1.75383858e-01]
batch:10000_2000 patch:100_20 train:100_0.005_NUM [  8.94311041e+01   2.78369623e+03   9.41212260e-01   7.17424058e-59
   2.91801974e+00   7.77109228e-01   7.92446804e-01              nan
   2.02004804e+00   1.60065014e-01   1.48097515e-01              nan
   1.46464215e+00]
batch:10000_2000 patch:100_20 train:100_0.01_PRO [  1.20153830e+00   1.17866018e+01   8.76783238e-01   2.77190618e-40
   5.99093558e-02   9.76072724e-01   9.99917469e-01              nan
   1.55611011e-01   2.31010248e-02   1.55616468e-04              nan
   1.63928839e-01]
batch:10000_2000 patch:100_20 train:100_0.01_NUM [  1.27321855e+02   4.17743962e+03   9.49848822e-01   6.21841471e-63
   3.81063037e+00   6.85816093e-01   6.98014888e-01              nan
   2.89027307e+00   1.96725817e-01   1.88070486e-01              nan
   2.03351507e+00]
batch:10000_2000 patch:100_20 train:100_0.05_PRO [ -1.82275622e-04   2.76738768e-02  -6.40289578e-02   4.81689798e-01
   2.58266098e-04   9.75874904e-01   9.99997930e-01              nan
   1.71280233e-01   2.32707074e-02   2.28672480e-05              nan
   1.77447036e-01]
batch:10000_2000 patch:100_20 train:100_0.05_NUM [  5.01426471e+01   2.88896205e+03   9.00541458e-01   1.36067094e-45
   2.20074934e+00   8.19177810e-01   8.37361618e-01              nan
   1.47147552e+00   9.57136668e-02   8.05517821e-02              nan
   8.84904861e-01]
batch:10000_2000 patch:50_10 train:100_0.001_PRO [  6.92418955e-01   3.47722700e+01   6.95065546e-01   4.72280704e-19
   6.51098955e-02   9.74280900e-01   9.97016533e-01              nan
   1.64792673e-01   2.35836539e-02   2.62470981e-03              nan
   1.69667518e-01]
batch:10000_2000 patch:50_10 train:100_0.001_NUM [  4.10024227e+01   1.46980764e+03   8.73443252e-01   1.25990763e-39
   2.07799771e+00   9.32549897e-01   9.53229209e-01              nan
   3.20390888e-01   5.23004956e-02   3.40817615e-02              nan
   2.54264707e-01]
batch:10000_2000 patch:50_10 train:100_0.005_PRO [  3.01627016e+00   3.17535548e+01   9.24405174e-01   1.74541335e-52
   1.13138256e-01   9.76850615e-01   9.99256842e-01              nan
   1.53031662e-01   2.19187179e-02   7.08820002e-04              nan
   1.59765206e-01]
batch:10000_2000 patch:50_10 train:100_0.005_NUM [  1.24082972e+02   4.34108900e+03   9.41303798e-01   6.54680628e-59
   4.04521348e+00   8.51796972e-01   8.69018093e-01              nan
   6.62526731e-01   1.08494430e-01   9.39143139e-02              nan
   4.62194129e-01]
batch:10000_2000 patch:50_10 train:100_0.01_PRO [  1.85011453e+01   9.41559260e+01   9.78137781e-01   2.20857497e-84
   3.57586636e-01   9.77356156e-01   9.97805691e-01              nan
   1.07517879e-01   2.11660710e-02   1.73953679e-03              nan
   1.14226631e-01]
batch:10000_2000 patch:50_10 train:100_0.01_NUM [  1.40080800e+02   4.61381039e+03   9.48173918e-01   4.31539607e-62
   4.26762229e+00   8.36372873e-01   8.52896554e-01              nan
   7.22620431e-01   1.18133127e-01   1.04385218e-01              nan
   5.10604551e-01]
batch:10000_2000 patch:50_10 train:100_0.05_PRO [  3.23350890e+001   1.49440198e+002   9.93311186e-001   2.63288740e-115
   3.41710370e-001   9.77679285e-001   9.96553122e-001               nan
   7.89440818e-002   2.05205796e-002   2.51674803e-003               nan
   8.24769226e-002]
batch:10000_2000 patch:50_10 train:100_0.05_NUM [  1.56754191e+02   4.39810747e+03   9.65088330e-01   2.97962472e-72
   3.86754844e+00   8.29566337e-01   8.45756877e-01              nan
   7.57389902e-01   1.24374906e-01   1.10893919e-01              nan
   5.52682533e-01]
batch:10000_2000 patch:50_20 train:100_0.001_PRO [  2.42368935e-01   1.26607680e+01   7.24973305e-01   2.53342904e-21
   2.09334529e-02   9.73458286e-01   9.96066093e-01              nan
   1.64447877e-01   2.38985048e-02   3.14381125e-03              nan
   1.68767671e-01]
batch:10000_2000 patch:50_20 train:100_0.001_NUM [  1.03788047e+01   3.66036148e+02   8.75053305e-01   6.10540363e-40
   5.21902455e-01   9.32977412e-01   9.53717963e-01              nan
   3.20851035e-01   5.16963126e-02   3.33653943e-02              nan
   2.56422334e-01]
batch:10000_2000 patch:50_20 train:100_0.005_PRO [  1.48476059e+00   1.91737719e+01   9.45172377e-01   1.18890692e-60
   4.66370938e-02   9.75924989e-01   9.97517949e-01              nan
   1.46753051e-01   2.21361676e-02   1.98751840e-03              nan
   1.52193547e-01]
batch:10000_2000 patch:50_20 train:100_0.005_NUM [  2.43369818e+01   8.09760701e+02   9.37734918e-01   2.09022035e-57
   8.19527269e-01   8.90478818e-01   9.09280690e-01              nan
   5.28897091e-01   8.50538065e-02   6.86260787e-02              nan
   3.86236140e-01]
batch:10000_2000 patch:50_20 train:100_0.01_PRO [  5.41213611e+00   3.75425015e+01   9.60947026e-01   2.32229095e-69
   1.41689140e-01   9.76260549e-01   9.96563096e-01              nan
   1.08789664e-01   2.17072091e-02   2.67221725e-03              nan
   1.14287618e-01]
batch:10000_2000 patch:50_20 train:100_0.01_NUM [  2.52035642e+01   7.58017467e+02   9.41229187e-01   7.05393028e-59
   8.22229675e-01   8.83016075e-01   9.01448086e-01              nan
   5.36909109e-01   9.12006378e-02   7.52267273e-02              nan
   4.10038481e-01]
batch:10000_2000 patch:50_20 train:100_0.05_PRO [  9.33455619e+00   8.44979529e+01   9.79502025e-01   4.66276152e-86
   1.74513530e-01   9.75051621e-01   9.93959965e-01              nan
   9.79669907e-02   2.21638495e-02   4.23656012e-03              nan
   9.50873754e-02]
batch:10000_2000 patch:50_20 train:100_0.05_NUM [  4.03838779e+01   8.09604655e+02   9.79325957e-01   7.78230685e-86
   7.58332103e-01   8.49012160e-01   8.66062583e-01              nan
   7.21035860e-01   1.15792691e-01   1.01421262e-01              nan
   5.75153670e-01]
batch:10000_2000 patch:20_10 train:100_0.001_PRO [ 0.          0.          0.          1.          0.          0.97753018
  1.                 nan  0.15848966  0.02154245  0.                 nan
  0.16422066]
batch:10000_2000 patch:20_10 train:100_0.001_NUM [  2.97079571e-01   1.41373426e+01   6.46063087e-01   7.07299368e-16
   3.19073945e-02   9.76060216e-01   9.98375979e-01              nan
   1.59831753e-01   2.24368790e-02   1.49509104e-03              nan
   1.64912225e-01]
batch:10000_2000 patch:20_10 train:100_0.005_PRO [  7.87021381e-01   1.14663522e+01   8.44644928e-01   1.24302827e-34
   4.53459784e-02   9.76897095e-01   9.98786663e-01              nan
   1.57527987e-01   2.17780983e-02   1.18191434e-03              nan
   1.62898383e-01]
batch:10000_2000 patch:20_10 train:100_0.005_NUM [  1.12367334e+01   9.80786916e+01   9.59183679e-01   3.18740536e-68
   3.01161964e-01   9.60079491e-01   9.80022315e-01              nan
   1.68732432e-01   3.67644823e-02   1.84128424e-02              nan
   1.70119920e-01]
batch:10000_2000 patch:20_10 train:100_0.01_PRO [  4.55783119e+00  -3.04403125e+00   9.46847202e-01   1.91369413e-61
   1.40771472e-01   9.77169296e-01   9.98544744e-01              nan
   1.47049900e-01   2.16812363e-02   1.49000403e-03              nan
   1.51826255e-01]
batch:10000_2000 patch:20_10 train:100_0.01_NUM [  1.32692172e+01   6.03617018e+01   9.77479852e-01   1.30232200e-83
   2.60427271e-01   9.62801530e-01   9.82648168e-01              nan
   1.59641668e-01   3.48467848e-02   1.64898226e-02              nan
   1.62454537e-01]
batch:10000_2000 patch:20_10 train:100_0.05_PRO [  2.36143146e+01   1.94678788e+01   9.85574703e-01   3.27356788e-95
   3.68636731e-01   9.77323260e-01   9.97474619e-01              nan
   1.05402723e-01   2.11811148e-02   2.34984520e-03              nan
   1.08392154e-01]
batch:10000_2000 patch:20_10 train:100_0.05_NUM [  1.65168744e+001   1.08244171e+002   9.89710808e-001   4.89697641e-104
   2.17076339e-001   9.57794966e-001   9.76661017e-001               nan
   1.56966812e-001   3.71172716e-002   1.98402669e-002               nan
   1.57195102e-001]
batch:10000_2000 patch:20_20 train:100_0.001_PRO [ 0.          0.          0.          1.          0.          0.97751238
  1.                 nan  0.15886065  0.02152378  0.                 nan
  0.16319502]
batch:10000_2000 patch:20_20 train:100_0.001_NUM [  9.39817492e-02   4.03376071e+00   6.45767776e-01   7.36196632e-16
   1.01018934e-02   9.75797230e-01   9.98070379e-01              nan
   1.60432574e-01   2.26093880e-02   1.87973497e-03              nan
   1.64027616e-01]
batch:10000_2000 patch:20_20 train:100_0.005_PRO [  2.65985668e-01   4.66974294e+00   8.54053844e-01   3.81875849e-36
   1.47277974e-02   9.76401413e-01   9.98090990e-01              nan
   1.57956798e-01   2.19684051e-02   1.77311884e-03              nan
   1.61654480e-01]
batch:10000_2000 patch:20_20 train:100_0.005_NUM [  3.56562460e+00   4.24760918e+01   9.61171314e-01   1.65001036e-69
   9.30628283e-02   9.52892640e-01   9.72151936e-01              nan
   1.76979293e-01   4.19016912e-02   2.43237891e-02              nan
   1.73804615e-01]
batch:10000_2000 patch:20_20 train:100_0.01_PRO [  1.15850988e+00   3.66794251e+00   9.05174353e-01   8.75397721e-47
   4.94544169e-02   9.77006398e-01   9.98442744e-01              nan
   1.47477798e-01   2.17950427e-02   1.65628800e-03              nan
   1.51936276e-01]
batch:10000_2000 patch:20_20 train:100_0.01_NUM [  4.36025438e+00   4.31001687e+01   9.77941450e-01   3.77133574e-84
   8.46645268e-02   9.49512516e-01   9.68336687e-01              nan
   1.76201755e-01   4.42374654e-02   2.70597119e-02              nan
   1.72221689e-01]
batch:10000_2000 patch:20_20 train:100_0.05_PRO [  7.25724199e+00   3.67253846e+00   9.76865728e-01   6.51243047e-83
   1.44431044e-01   9.76672199e-01   9.97100919e-01              nan
   1.11961332e-01   2.16142548e-02   2.78658676e-03              nan
   1.14462076e-01]
batch:10000_2000 patch:20_20 train:100_0.05_NUM [  5.14624903e+00   7.07446336e+01   9.87006039e-01   6.13271178e-98
   7.61638137e-02   9.40805806e-01   9.58722352e-01              nan
   1.78203347e-01   4.69868072e-02   3.06214405e-02              nan
   1.68686036e-01]
