batch:10000_2000 patch:50_5 train:100_0.09_PRO [[  1.25224618e+002   5.41089349e+002   9.92651920e-001   7.61945195e-113
    1.38772277e+000   9.78101298e-001   9.96696103e-001               nan
    7.53688562e-002   2.00321763e-002   2.34896149e-003               nan
    8.04689328e-002]]
batch:10000_2000 patch:50_5 train:100_0.1_PRO [[  1.30951754e+002   4.74728405e+002   9.93366225e-001   1.59970208e-115
    1.37810775e+000   9.78586416e-001   9.97138258e-001               nan
    7.29665915e-002   2.00628992e-002   2.23952679e-003               nan
    7.81061265e-002]]
batch:10000_2000 patch:50_5 train:100_0.15_PRO [[  1.22671094e+002   4.73091309e+002   9.92187809e-001   3.05660548e-111
    1.40219118e+000   9.78281242e-001   9.96995708e-001               nan
    7.62541836e-002   2.00950412e-002   2.25683233e-003               nan
    8.16040325e-002]]
batch:10000_2000 patch:50_5 train:100_0.2_PRO [[  1.06598489e+002   5.41938493e+002   9.88783424e-001   8.82187300e-102
    1.46379781e+000   9.78160901e-001   9.97745048e-001               nan
    8.41237024e-002   2.01783234e-002   1.66966357e-003               nan
    9.08348081e-002]]
batch:10000_2000 patch:50_5 train:100_0.25_PRO [[  1.07373526e+002   5.81000826e+002   9.88170470e-001   2.16625971e-100
    1.51489738e+000   9.77697361e-001   9.97547068e-001               nan
    8.56033981e-002   2.01334771e-002   1.83331518e-003               nan
    9.20337305e-002]]
batch:10000_2000 patch:50_5 train:100_0.3_PRO [[  4.27096245e+01   3.03402211e+02   9.77174375e-01   2.91610953e-83
    8.44101790e-01   9.77011580e-01   9.99854962e-01              nan
    1.29667450e-01   2.20939934e-02   1.44767453e-04              nan
    1.37256894e-01]]
batch:10000_2000 patch:50_5 train:100_0.35_PRO [[  1.18421388e+01   1.64388998e+02   9.43322334e-01   8.37414050e-60
    3.78752706e-01   9.76334140e-01   9.99023856e-01              nan
    1.53593498e-01   2.20837091e-02   7.73897645e-04              nan
    1.60021486e-01]]
batch:10000_2000 patch:50_5 train:100_0.4_PRO [[ 0.          0.          0.          1.          0.          0.97687999
   1.                 nan  0.16324694  0.02224061  0.                 nan
   0.16965842]]
batch:10000_2000 patch:50_5 train:100_0.45_PRO [[ 0.          0.          0.          1.          0.          0.97687999
   1.                 nan  0.16324694  0.02224061  0.                 nan
   0.16965842]]
batch:10000_2000 patch:50_10 train:100_0.09_PRO [[  3.35565681e+001   1.62474085e+002   9.93957959e-001   5.71041626e-118
    3.36873355e-001   9.77188571e-001   9.95947375e-001               nan
    7.79291136e-002   2.04295548e-002   2.69218078e-003               nan
    8.10033323e-002]]
batch:10000_2000 patch:50_10 train:100_0.1_PRO [[  3.46462897e+001   1.43506314e+002   9.94771652e-001   9.25721320e-122
    3.23347492e-001   9.77597842e-001   9.96410942e-001               nan
    7.76488308e-002   2.06668305e-002   2.58940145e-003               nan
    8.11718329e-002]]
batch:10000_2000 patch:50_10 train:100_0.15_PRO [[  3.43428187e+001   1.50045610e+002   9.94646079e-001   3.87688392e-121
    3.24372179e-001   9.77237068e-001   9.96034353e-001               nan
    7.82591619e-002   2.05979935e-002   2.68728916e-003               nan
    8.14640945e-002]]
batch:10000_2000 patch:50_10 train:100_0.2_PRO [[  2.92623845e+001   1.71724511e+002   9.90985605e-001   1.70138783e-107
    3.59626790e-001   9.77052934e-001   9.96566824e-001               nan
    8.38027849e-002   2.04284412e-002   2.24556688e-003               nan
    8.77600405e-002]]
batch:10000_2000 patch:50_10 train:100_0.25_PRO [[  2.49735102e+01   2.14244102e+02   9.87338458e-01   1.29115265e-98
    3.64753999e-01   9.74716359e-01   9.94926998e-01              nan
    1.00165616e-01   2.09256942e-02   3.13373612e-03              nan
    1.01674157e-01]]
batch:10000_2000 patch:50_10 train:100_0.3_PRO [[  2.05860520e-03  -4.76046931e-02   2.76247073e-01   1.98235290e-03
    6.51096320e-04   9.76886069e-01   9.99997953e-01              nan
    1.63200502e-01   2.22306404e-02   1.11658241e-05              nan
    1.69668083e-01]]
batch:10000_2000 patch:50_10 train:100_0.35_PRO [[ 0.          0.          0.          1.          0.          0.97688799
   1.                 nan  0.16319666  0.02222737  0.                 nan
   0.16966204]]
batch:10000_2000 patch:50_10 train:100_0.4_PRO [[ 0.          0.          0.          1.          0.          0.97688799
   1.                 nan  0.16319666  0.02222737  0.                 nan
   0.16966204]]
batch:10000_2000 patch:50_10 train:100_0.45_PRO [[ 0.          0.          0.          1.          0.          0.97688799
   1.                 nan  0.16319666  0.02222737  0.                 nan
   0.16966204]]
