batch:10000_2000 patch:100_10 train:100_0.03_PRO [[  2.44263878e+01   2.12056598e+02   9.81844912e-01   3.23289557e-89
    4.29000389e-01   9.71876504e-01   9.91464721e-01              nan
    1.07720659e-01   2.40704506e-02   6.00861248e-03              nan
    1.08584210e-01]]
batch:10000_2000 patch:100_10 train:100_0.03_NUM [[  6.28246784e+02   2.11896038e+04   9.55386081e-01   6.18955365e-66
    1.76567239e+01   6.35601739e-01   6.46042029e-01              nan
    3.61612286e+00   2.17856237e-01   2.11121352e-01              nan
    2.49870314e+00]]
batch:10000_2000 patch:100_10 train:100_0.08_PRO [[  2.93229695e+01   2.78426740e+02   9.85864930e-01   9.65416339e-96
    4.53024489e-01   9.70826547e-01   9.89579158e-01              nan
    1.04732313e-01   2.44935793e-02   6.99104207e-03              nan
    1.02918180e-01]]
batch:10000_2000 patch:100_10 train:100_0.08_NUM [[  5.76313906e+02   1.82983764e+04   9.58126281e-01   1.45123337e-67
    1.56579454e+01   7.05115103e-01   7.17901108e-01              nan
    3.25379719e+00   1.91215163e-01   1.81954480e-01              nan
    2.29674688e+00]]
batch:10000_2000 patch:100_10 train:100_0.1_PRO [[  3.33707868e+01   4.17383738e+02   9.83360559e-01   1.73185323e-91
    5.60442648e-01   9.67798368e-01   9.86862693e-01              nan
    1.15893310e-01   2.64020867e-02   8.53600109e-03              nan
    1.07332437e-01]]
batch:10000_2000 patch:100_10 train:100_0.1_NUM [[  6.03965654e+02   2.30867767e+04   9.44963575e-01   1.48694493e-60
    1.90101408e+01   7.18257954e-01   7.31665629e-01              nan
    3.63693943e+00   1.79795235e-01   1.69867589e-01              nan
    2.42740193e+00]]
batch:10000_2000 patch:100_10 train:100_0.5_PRO [[ 0.          0.          0.          1.          0.          0.97599754
   1.                 nan  0.17053183  0.02310451  0.                 nan
   0.17741536]]
batch:10000_2000 patch:100_10 train:100_0.5_NUM [[ 0.          0.          0.          1.          0.          0.97599754
   1.                 nan  0.17053183  0.02310451  0.                 nan
   0.17741536]]
batch:10000_2000 patch:100_10 train:1000_0.03_PRO [[  2.70917165e+02   2.29434958e+03   9.83050165e-01   5.24990866e-91
    4.59322525e+00   9.53716553e-01   9.92816847e-01              nan
    1.12262744e+00   3.94123286e-02   5.14500908e-03              nan
    1.16107488e+00]]
batch:10000_2000 patch:100_10 train:1000_0.03_NUM [[  5.76253142e+03   2.80854521e+05   9.48641013e-01   2.53062562e-62
    1.74699986e+02   6.34607666e-01   6.55282422e-01              nan
    3.83403930e+01   2.04405624e-01   1.91319908e-01              nan
    2.31316567e+01]]
batch:10000_2000 patch:100_10 train:1000_0.08_PRO [[  2.32594934e+02   3.47014489e+03   9.65221402e-01   2.37432159e-72
    5.72720067e+00   9.49588896e-01   9.90406883e-01              nan
    1.41621032e+00   4.09548063e-02   6.02770494e-03              nan
    1.41946970e+00]]
batch:10000_2000 patch:100_10 train:1000_0.08_NUM [[  6.96171149e+03   3.44176513e+05   9.47512414e-01   9.11260004e-62
    2.13553573e+02   6.22312683e-01   6.42533689e-01              nan
    4.65880865e+01   2.02228471e-01   1.89523725e-01              nan
    2.79225847e+01]]
batch:10000_2000 patch:100_10 train:1000_0.1_PRO [[  3.28458072e+02   2.35803552e+05   2.29990676e-01   1.04950178e-02
    1.26350198e+02   8.86971580e-01   9.23547379e-01              nan
    1.45501637e+01   4.96423248e-02   2.44992575e-02              nan
    5.13745122e+00]]
batch:10000_2000 patch:100_10 train:1000_0.1_NUM [[  5.67218127e+03   2.46501251e+05   9.53640732e-01   5.98798914e-65
    1.62728364e+02   6.63702577e-01   6.86156540e-01              nan
    3.59811567e+01   1.93721461e-01   1.78652294e-01              nan
    2.27411536e+01]]
batch:10000_2000 patch:100_10 train:1000_0.5_PRO [[ 0.          0.          0.          1.          0.          0.95725932
   1.                 nan  1.80608175  0.0395508   0.                 nan
   1.859493  ]]
batch:10000_2000 patch:100_10 train:1000_0.5_NUM [[ 0.          0.          0.          1.          0.          0.95725932
   1.                 nan  1.80608175  0.0395508   0.                 nan
   1.859493  ]]
batch:10000_2000 patch:100_20 train:100_0.03_PRO [[  4.26868450e+00   4.69316423e+01   9.44267062e-01   3.11625004e-60
    1.35282138e-01   9.75515160e-01   9.98460548e-01              nan
    1.41013692e-01   2.32966958e-02   1.46645814e-03              nan
    1.47617379e-01]]
batch:10000_2000 patch:100_20 train:100_0.03_NUM [[  1.24811121e+02   6.41243693e+03   9.43799023e-01   5.09623787e-60
    3.97355006e+00   6.15019227e-01   6.26108553e-01              nan
    3.38147373e+00   1.70919414e-01   1.63264915e-01              nan
    2.00776588e+00]]
batch:10000_2000 patch:100_20 train:100_0.08_PRO [[ 0.          0.          0.          1.          0.          0.97587696
   1.                 nan  0.17127613  0.02327209  0.                 nan
   0.17744974]]
batch:10000_2000 patch:100_20 train:100_0.08_NUM [[ 0.          0.          0.          1.          0.          0.97587696
   1.                 nan  0.17127613  0.02327209  0.                 nan
   0.17744974]]
batch:10000_2000 patch:100_20 train:100_0.1_PRO [[ 0.          0.          0.          1.          0.          0.97587696
   1.                 nan  0.17127613  0.02327209  0.                 nan
   0.17744974]]
batch:10000_2000 patch:100_20 train:100_0.1_NUM [[ 0.          0.          0.          1.          0.          0.97587696
   1.                 nan  0.17127613  0.02327209  0.                 nan
   0.17744974]]
batch:10000_2000 patch:100_20 train:100_0.5_PRO [[ 0.          0.          0.          1.          0.          0.97587696
   1.                 nan  0.17127613  0.02327209  0.                 nan
   0.17744974]]
batch:10000_2000 patch:100_20 train:100_0.5_NUM [[ 0.          0.          0.          1.          0.          0.97587696
   1.                 nan  0.17127613  0.02327209  0.                 nan
   0.17744974]]
batch:10000_2000 patch:100_20 train:1000_0.03_PRO [[  4.12376096e+00   9.28682363e+01   8.71114768e-01   3.53042152e-39
    2.11337816e-01   9.54026854e-01   9.94811052e-01              nan
    1.76521500e+00   3.99549344e-02   3.87793253e-03              nan
    1.81129295e+00]]
batch:10000_2000 patch:100_20 train:1000_0.03_NUM [[  1.17011729e+03   1.03754680e+05   9.28433050e-01   7.18321650e-54
    4.25642178e+01   3.52053570e-01   3.63888327e-01              nan
    4.18982599e+01   1.30147732e-01   1.24313546e-01              nan
    1.90438845e+01]]
batch:10000_2000 patch:100_20 train:1000_0.08_PRO [[  3.21796298e+00   8.44166594e+01   8.61680354e-01   1.88721467e-37
    1.72280713e-01   9.55768189e-01   9.97260431e-01              nan
    1.78350450e+00   3.99874605e-02   2.77393105e-03              nan
    1.82797185e+00]]
batch:10000_2000 patch:100_20 train:1000_0.08_NUM [[ 0.          0.          0.          1.          0.          0.95750657
   1.                 nan  1.81244767  0.03931016  0.                 nan
   1.85939046]]
batch:10000_2000 patch:100_20 train:1000_0.1_PRO [[  1.72168758e-03   3.85330267e-02   1.87300333e-01   3.80377838e-02
    8.20858779e-04   9.57506572e-01   1.00000000e+00              nan
    1.81241132e+00   3.93101589e-02   0.00000000e+00              nan
    1.85936100e+00]]
batch:10000_2000 patch:100_20 train:1000_0.1_NUM [[ 0.          0.          0.          1.          0.          0.95750657
   1.                 nan  1.81244767  0.03931016  0.                 nan
   1.85939046]]
batch:10000_2000 patch:100_20 train:1000_0.5_PRO [[ 0.          0.          0.          1.          0.          0.95750657
   1.                 nan  1.81244767  0.03931016  0.                 nan
   1.85939046]]
batch:10000_2000 patch:100_20 train:1000_0.5_NUM [[ 0.          0.          0.          1.          0.          0.95750657
   1.                 nan  1.81244767  0.03931016  0.                 nan
   1.85939046]]
batch:10000_2000 patch:50_10 train:100_0.03_PRO [[  3.15058989e+001   1.44671272e+002   9.92103770e-001   5.82514649e-111
    3.62082854e-001   9.77538121e-001   9.96371151e-001               nan
    8.15225799e-002   2.08545269e-002   2.87026501e-003               nan
    8.50028385e-002]]
batch:10000_2000 patch:50_10 train:100_0.03_NUM [[  1.51012992e+02   4.89081249e+03   9.54146254e-01   3.13160807e-65
    4.30697767e+00   8.26577679e-01   8.42678688e-01              nan
    7.65457976e-01   1.24545663e-01   1.11159422e-01              nan
    5.38108169e-01]]
batch:10000_2000 patch:50_10 train:100_0.08_PRO [[  3.35000688e+001   1.54499756e+002   9.93957385e-001   5.74324844e-118
    3.36322288e-001   9.77374213e-001   9.96054131e-001               nan
    7.76257306e-002   2.05676542e-002   2.72390283e-003               nan
    8.09035247e-002]]
batch:10000_2000 patch:50_10 train:100_0.08_NUM [[  1.67232640e+02   4.63307488e+03   9.69027326e-01   2.39622369e-75
    3.87442770e+00   8.28788859e-01   8.45015528e-01              nan
    7.99740812e-01   1.22811182e-01   1.09291390e-01              nan
    5.79285664e-01]]
batch:10000_2000 patch:50_10 train:100_0.1_PRO [[  3.46462897e+001   1.43506314e+002   9.94771652e-001   9.25721320e-122
    3.23347492e-001   9.77597842e-001   9.96410942e-001               nan
    7.76488308e-002   2.06668305e-002   2.58940145e-003               nan
    8.11718329e-002]]
batch:10000_2000 patch:50_10 train:100_0.1_NUM [[  1.64423879e+02   4.65193724e+03   9.66065015e-01   5.51120324e-73
    3.99658098e+00   8.37394760e-01   8.53948768e-01              nan
    7.90517647e-01   1.18962885e-01   1.05063577e-01              nan
    5.70248512e-01]]
batch:10000_2000 patch:50_10 train:100_0.5_PRO [[ 0.          0.          0.          1.          0.          0.97688799
   1.                 nan  0.16319666  0.02222737  0.                 nan
   0.16966204]]
batch:10000_2000 patch:50_10 train:100_0.5_NUM [[ 0.          0.          0.          1.          0.          0.97688799
   1.                 nan  0.16319666  0.02222737  0.                 nan
   0.16966204]]
batch:10000_2000 patch:50_10 train:1000_0.03_PRO [[  2.30013605e+02   1.62565213e+03   9.82660043e-01   2.05610287e-90
    3.94553293e+00   9.54157388e-01   9.91694941e-01              nan
    1.07148476e+00   3.70218965e-02   5.69721134e-03              nan
    1.12310573e+00]]
batch:10000_2000 patch:50_10 train:1000_0.03_NUM [[  1.47750574e+03   4.41151851e+04   9.53614029e-01   6.19532311e-65
    4.24010458e+01   8.38773992e-01   8.71184330e-01              nan
    7.31301037e+00   1.19783486e-01   9.33489533e-02              nan
    5.30980089e+00]]
batch:10000_2000 patch:50_10 train:1000_0.08_PRO [[  3.29404619e+002   2.14189942e+003   9.91517712e-001   4.35481994e-109
    3.92541093e+000   9.53444645e-001   9.90572300e-001               nan
    9.20544925e-001   3.71878452e-002   6.33418138e-003               nan
    9.38309162e-001]]
batch:10000_2000 patch:50_10 train:1000_0.08_NUM [[  1.58160332e+03   4.54227745e+04   9.60533365e-01   4.33914628e-69
    4.16384538e+01   8.38017572e-01   8.70399171e-01              nan
    7.69211100e+00   1.19450318e-01   9.30130146e-02              nan
    5.62338888e+00]]
batch:10000_2000 patch:50_10 train:1000_0.1_PRO [[  3.51440932e+002   2.68451982e+003   9.91015461e-001   1.39321069e-107
    4.31185796e+000   9.53281785e-001   9.90360749e-001               nan
    9.37194509e-001   3.71600224e-002   6.43062414e-003               nan
    9.24176533e-001]]
batch:10000_2000 patch:50_10 train:1000_0.1_NUM [[  1.36704105e+03   3.48833645e+04   9.65162930e-01   2.62374472e-72
    3.36905678e+01   8.76412091e-01   9.11532255e-01              nan
    6.40539090e+00   9.55048039e-02   6.57594523e-02              nan
    4.84830037e+00]]
batch:10000_2000 patch:50_10 train:1000_0.5_PRO [[ 0.          0.          0.          1.          0.          0.95871287
   1.                 nan  1.73076484  0.03817143  0.                 nan
   1.7803614 ]]
batch:10000_2000 patch:50_10 train:1000_0.5_NUM [[ 0.          0.          0.          1.          0.          0.95871287
   1.                 nan  1.73076484  0.03817143  0.                 nan
   1.7803614 ]]
batch:10000_2000 patch:50_20 train:100_0.03_PRO [[  8.80972532e+00   6.91097199e+01   9.83157710e-01   3.58334195e-91
    1.48876344e-01   9.76255411e-01   9.95438207e-01              nan
    9.33695984e-02   2.14982444e-02   3.50808537e-03              nan
    9.15260214e-02]]
batch:10000_2000 patch:50_20 train:100_0.03_NUM [[  4.05001257e+01   1.03247180e+03   9.63429284e-01   4.70495797e-71
    1.02404304e+00   8.60209137e-01   8.77852262e-01              nan
    7.70948498e-01   1.07109489e-01   9.20572050e-02              nan
    5.84764586e-01]]
batch:10000_2000 patch:50_20 train:100_0.08_PRO [[  9.63353194e+00   6.62889188e+01   9.79497521e-01   4.72452363e-86
    1.80123418e-01   9.76283774e-01   9.95203785e-01              nan
    9.49474892e-02   2.24647446e-02   4.01235981e-03              nan
    9.73133073e-02]]
batch:10000_2000 patch:50_20 train:100_0.08_NUM [[  4.18338152e+01   7.67698821e+02   9.82277047e-01   7.62366180e-90
    7.25689781e-01   8.54193663e-01   8.71488763e-01              nan
    7.29024603e-01   1.13881351e-01   9.92303884e-02              nan
    5.90966878e-01]]
batch:10000_2000 patch:50_20 train:100_0.1_PRO [[  1.01715976e+01   6.43443497e+01   9.85231347e-01   1.34493432e-94
    1.60706804e-01   9.76114301e-01   9.95045678e-01              nan
    9.75381088e-02   2.25209458e-02   4.13223474e-03              nan
    9.93092281e-02]]
batch:10000_2000 patch:50_20 train:100_0.1_NUM [[  4.22059373e+01   9.95885132e+02   9.78482551e-01   8.52867659e-85
    8.09075925e-01   8.36642288e-01   8.53301858e-01              nan
    7.77612356e-01   1.19870262e-01   1.05969926e-01              nan
    5.91749922e-01]]
batch:10000_2000 patch:50_20 train:100_0.5_PRO [[ 0.          0.          0.          1.          0.          0.97684015
   1.                 nan  0.16264057  0.02225692  0.                 nan
   0.16925801]]
batch:10000_2000 patch:50_20 train:100_0.5_NUM [[ 0.          0.          0.          1.          0.          0.97684015
   1.                 nan  0.16264057  0.02225692  0.                 nan
   0.16925801]]
batch:10000_2000 patch:50_20 train:1000_0.03_PRO [[  8.91002638e+01   1.15205502e+03   9.70980498e-01   4.93455898e-77
    1.99508744e+00   9.53985656e-01   9.92321477e-01              nan
    1.20003457e+00   3.77015245e-02   5.26537289e-03              nan
    1.12485553e+00]]
batch:10000_2000 patch:50_20 train:1000_0.03_NUM [[  3.23385903e+02   9.70697380e+03   9.51824669e-01   5.79816901e-64
    9.47118235e+00   8.65973606e-01   9.00465729e-01              nan
    6.73099000e+00   1.03153718e-01   7.42526157e-02              nan
    5.02181395e+00]]
batch:10000_2000 patch:50_20 train:1000_0.08_PRO [[  1.12007204e+02   1.18544318e+03   9.78147830e-01   2.14862775e-84
    2.16433972e+00   9.54976645e-01   9.92935341e-01              nan
    1.27976953e+00   3.91792755e-02   4.52409230e-03              nan
    1.21064464e+00]]
batch:10000_2000 patch:50_20 train:1000_0.08_NUM [[  4.06933585e+02   1.11333864e+04   9.67700862e-01   2.91236261e-74
    9.63750749e+00   8.41670882e-01   8.74502723e-01              nan
    7.88829984e+00   1.16587968e-01   8.96767469e-02              nan
    5.84770080e+00]]
batch:10000_2000 patch:50_20 train:1000_0.1_PRO [[  1.10441944e+02   1.25665161e+03   9.83467701e-01   1.17531078e-91
    1.84867449e+00   9.54060813e-01   9.91899369e-01              nan
    1.27323387e+00   3.88230470e-02   5.32846138e-03              nan
    1.18241147e+00]]
batch:10000_2000 patch:50_20 train:1000_0.1_NUM [[  4.15068829e+02   1.19806575e+04   9.70628532e-01   1.01267747e-76
    9.35275579e+00   8.25786629e-01   8.57608198e-01              nan
    8.16303533e+00   1.23250082e-01   9.75088088e-02              nan
    5.91890293e+00]]
batch:10000_2000 patch:50_20 train:1000_0.5_PRO [[ 0.          0.          0.          1.          0.          0.95855684
   1.                 nan  1.72554667  0.03837281  0.                 nan
   1.77675798]]
batch:10000_2000 patch:50_20 train:1000_0.5_NUM [[ 0.          0.          0.          1.          0.          0.95855684
   1.                 nan  1.72554667  0.03837281  0.                 nan
   1.77675798]]
batch:10000_2000 patch:20_10 train:100_0.03_PRO [[  1.70738965e+01  -4.60285281e+00   9.77086407e-01   3.67062557e-83
    3.38116537e-01   9.77453212e-01   9.98385412e-01              nan
    1.18251087e-01   2.12821730e-02   1.58365592e-03              nan
    1.21897040e-01]]
batch:10000_2000 patch:20_10 train:100_0.03_NUM [[  1.55004616e+01   7.12475172e+01   9.87337316e-01   1.29817640e-98
    2.26404511e-01   9.61456366e-01   9.80852813e-01              nan
    1.55095083e-01   3.50876196e-02   1.72539221e-02              nan
    1.57162111e-01]]
batch:10000_2000 patch:20_10 train:100_0.08_PRO [[  2.90828641e+001   5.79250485e+001   9.90787027e-001   6.32110000e-107
    3.61390291e-001   9.76990862e-001   9.96170282e-001               nan
    9.58970849e-002   2.12588073e-002   3.27270980e-003               nan
    9.84171008e-002]]
batch:10000_2000 patch:20_10 train:100_0.08_NUM [[  2.14169017e+001   1.87203437e+002   9.91425469e-001   8.35570691e-109
    2.56620363e-001   9.48850526e-001   9.67246231e-001               nan
    1.64737946e-001   4.35517408e-002   2.68131007e-002               nan
    1.61300261e-001]]
batch:10000_2000 patch:20_10 train:100_0.1_PRO [[  3.09789850e+001   7.50557546e+001   9.91363609e-001   1.28845654e-108
    3.72548627e-001   9.76702248e-001   9.95468000e-001               nan
    9.40573907e-002   2.14674223e-002   3.85575055e-003               nan
    9.61031499e-002]]
batch:10000_2000 patch:20_10 train:100_0.1_NUM [[  2.20155580e+001   2.22188394e+002   9.91132887e-001   6.30733069e-108
    2.68315877e-001   9.46238438e-001   9.64378460e-001               nan
    1.66845341e-001   4.49119197e-002   2.83995519e-002               nan
    1.61788374e-001]]
batch:10000_2000 patch:20_10 train:100_0.5_PRO [[  7.82905172e+00  -7.06793789e+00   9.61026416e-01   2.05815098e-69
    2.04742521e-01   9.77382259e-01   9.99611750e-01              nan
    1.41342531e-01   2.15497029e-02   3.46907574e-04              nan
    1.45819140e-01]]
batch:10000_2000 patch:20_10 train:100_0.5_NUM [[ 0.          0.          0.          1.          0.          0.97753018
   1.                 nan  0.15848966  0.02154245  0.                 nan
   0.16422066]]
batch:10000_2000 patch:20_10 train:1000_0.03_PRO [[  9.60837370e+01  -9.20157906e+01   9.56938471e-01   7.60803137e-67
    2.64975974e+00   9.58954624e-01   9.97368239e-01              nan
    1.44383991e+00   3.69168104e-02   2.03355255e-03              nan
    1.47146509e+00]]
batch:10000_2000 patch:20_10 train:1000_0.03_NUM [[  2.33737092e+02   1.76349525e+03   9.81222325e-01   2.44081968e-88
    4.17690931e+00   9.32284849e-01   9.69929999e-01              nan
    1.79441299e+00   5.91813414e-02   2.56303089e-02              nan
    1.76130168e+00]]
batch:10000_2000 patch:20_10 train:1000_0.08_PRO [[  2.57845886e+02   5.58715348e+02   9.80351422e-01   3.69458357e-87
    4.71652817e+00   9.54889801e-01   9.91270854e-01              nan
    1.15463310e+00   3.68149428e-02   4.70817328e-03              nan
    1.16553990e+00]]
batch:10000_2000 patch:20_10 train:1000_0.08_NUM [[  1.70186199e+02   5.34161741e+02   9.77805770e-01   5.44340795e-84
    3.31505639e+00   9.52180453e-01   9.91477065e-01              nan
    1.63721553e+00   4.38816395e-02   8.21562179e-03              nan
    1.65818302e+00]]
batch:10000_2000 patch:20_10 train:1000_0.1_PRO [[  3.14610296e+02   7.43158539e+02   9.85384663e-01   7.18580962e-95
    4.94425884e+00   9.51440548e-01   9.86964360e-01              nan
    1.12245927e+00   3.74271498e-02   6.40129190e-03              nan
    1.12216766e+00]]
batch:10000_2000 patch:20_10 train:1000_0.1_NUM [[  2.48546695e+002   2.48997039e+003   9.88010988e-001   4.84767103e-100
    3.53064957e+000   9.24587190e-001   9.61613133e-001               nan
    1.77312786e+000   6.28179652e-002   2.99772575e-002               nan
    1.71226006e+000]]
batch:10000_2000 patch:20_10 train:1000_0.5_PRO [[ 0.          0.          0.          1.          0.          0.95989975
   1.                 nan  1.67987463  0.0370128   0.                 nan
   1.72256833]]
batch:10000_2000 patch:20_10 train:1000_0.5_NUM [[ 0.          0.          0.          1.          0.          0.95989975
   1.                 nan  1.67987463  0.0370128   0.                 nan
   1.72256833]]
batch:10000_2000 patch:20_20 train:100_0.03_PRO [[  5.22859130e+00   1.82030972e-01   9.67847454e-01   2.22134709e-74
    1.23534567e-01   9.77029919e-01   9.98005112e-01              nan
    1.18560582e-01   2.14370592e-02   1.96239385e-03              nan
    1.21208964e-01]]
batch:10000_2000 patch:20_20 train:100_0.03_NUM [[  5.12285354e+00   5.92177403e+01   9.86705824e-01   2.42082864e-97
    7.67059516e-02   9.43956336e-01   9.62087391e-01              nan
    1.75361011e-01   4.61993848e-02   2.95704041e-02              nan
    1.68062071e-01]]
batch:10000_2000 patch:20_20 train:100_0.08_PRO [[  9.37044103e+00   2.26330343e+01   9.84639987e-01   1.42134077e-93
    1.51052022e-01   9.76223125e-01   9.96425752e-01              nan
    1.12398923e-01   2.19291084e-02   3.19354099e-03              nan
    1.12638038e-01]]
batch:10000_2000 patch:20_20 train:100_0.08_NUM [[  5.19387120e+000   6.37870247e+001   9.88639455e-001   1.90029248e-101
    7.17857354e-002   9.45332363e-001   9.63649621e-001               nan
    1.72939183e-001   4.42286760e-002   2.75145644e-002               nan
    1.64897519e-001]]
batch:10000_2000 patch:20_20 train:100_0.1_PRO [[  9.97980270e+00   2.96712166e+01   9.84146999e-01   9.47193308e-93
    1.63497821e-01   9.76214984e-01   9.96254651e-01              nan
    1.14368253e-01   2.21172252e-02   3.28025650e-03              nan
    1.14731385e-01]]
batch:10000_2000 patch:20_20 train:100_0.1_NUM [[  5.44344922e+000   7.32158870e+001   9.88689789e-001   1.45476452e-101
    7.50654888e-002   9.43355046e-001   9.61463284e-001               nan
    1.74854893e-001   4.52775360e-002   2.87096716e-002               nan
    1.65057370e-001]]
batch:10000_2000 patch:20_20 train:100_0.5_PRO [[  4.95368972e+00   2.43063559e+01   9.62425704e-01   2.34903184e-70
    1.27060611e-01   9.76249105e-01   9.97079819e-01              nan
    1.35034890e-01   2.18918862e-02   2.47993650e-03              nan
    1.35597119e-01]]
batch:10000_2000 patch:20_20 train:100_0.5_NUM [[ 0.          0.          0.          1.          0.          0.97751238
   1.                 nan  0.15886065  0.02152378  0.                 nan
   0.16319502]]
batch:10000_2000 patch:20_20 train:1000_0.03_PRO [[  4.63633441e+01   6.44514146e+01   9.56514756e-01   1.35845676e-66
    1.28529529e+00   9.57175588e-01   9.94809937e-01              nan
    1.39586520e+00   3.71788561e-02   3.80964957e-03              nan
    1.41807273e+00]]
batch:10000_2000 patch:20_20 train:1000_0.03_NUM [[  6.37768005e+01   6.35919371e+02   9.80296081e-01   4.37275234e-87
    1.16829937e+00   9.23757797e-01   9.60513547e-01              nan
    1.85629081e+00   6.32924105e-02   3.08530684e-02              nan
    1.77402909e+00]]
batch:10000_2000 patch:20_20 train:1000_0.08_PRO [[  1.03741996e+02   3.52139408e+02   9.83888852e-01   2.49769570e-92
    1.71371182e+00   9.53338581e-01   9.89147470e-01              nan
    1.29598821e+00   3.75184166e-02   5.83062900e-03              nan
    1.28667126e+00]]
batch:10000_2000 patch:20_20 train:1000_0.08_NUM [[  7.56401151e+01   1.02719377e+03   9.84485402e-01   2.59315504e-93
    1.22558780e+00   9.25469453e-01   9.62341809e-01              nan
    1.95692345e+00   6.07570244e-02   2.81455086e-02              nan
    1.80261208e+00]]
batch:10000_2000 patch:20_20 train:1000_0.1_PRO [[  1.13595227e+02   4.34630572e+02   9.86103325e-01   3.47415018e-96
    1.73980810e+00   9.54128728e-01   9.90087567e-01              nan
    1.32861729e+00   3.76499800e-02   5.41863546e-03              nan
    1.30932791e+00]]
batch:10000_2000 patch:20_20 train:1000_0.1_NUM [[  8.08484035e+01   1.63754956e+03   9.81118279e-01   3.39928098e-88
    1.44888325e+00   9.10352561e-01   9.46284596e-01              nan
    2.07005733e+00   6.73337664e-02   3.59237381e-02              nan
    1.79461275e+00]]
batch:10000_2000 patch:20_20 train:1000_0.5_PRO [[  5.22116782e+01   3.10728900e+02   9.25370953e-01   8.25645479e-53
    1.94433127e+00   9.59691295e-01   9.99394793e-01              nan
    1.75909491e+00   3.70998663e-02   7.35175628e-04              nan
    1.76163856e+00]]
batch:10000_2000 patch:20_20 train:1000_0.5_NUM [[ 0.          0.          0.          1.          0.          0.96023912
   1.                 nan  1.68233666  0.03664136  0.                 nan
   1.71167317]]
