batch:10000_2000 patch:30_5 train:100_0.1_PRO [[  1.23739358e+002   3.10231419e+002   9.92775600e-001   2.73834753e-113
    1.35954683e+000   9.78987485e-001   9.98586351e-001               nan
    7.78672664e-002   2.01159148e-002   1.39637276e-003               nan
    8.31358313e-002]]
batch:10000_2000 patch:30_5 train:100_0.11_PRO [[  1.23766737e+002   2.75346250e+002   9.93714706e-001   6.17526301e-117
    1.26748799e+000   9.79123474e-001   9.98723296e-001               nan
    7.67026440e-002   2.00262882e-002   1.26175557e-003               nan
    8.24757562e-002]]
batch:10000_2000 patch:30_5 train:100_0.12_PRO [[  1.28544655e+002   2.84764794e+002   9.94316784e-001   1.42093967e-119
    1.25121144e+000   9.79077577e-001   9.98231292e-001               nan
    7.47835212e-002   2.00587492e-002   1.72244268e-003               nan
    8.04795900e-002]]
batch:10000_2000 patch:30_5 train:100_0.13_PRO [[  1.25517689e+002   2.78640289e+002   9.93944120e-001   6.55548791e-118
    1.26152368e+000   9.79049056e-001   9.98197828e-001               nan
    7.59374962e-002   2.00044177e-002   1.69477385e-003               nan
    8.14805277e-002]]
batch:10000_2000 patch:30_5 train:100_0.14_PRO [[  1.27614210e+002   2.70848440e+002   9.94393088e-001   6.28621727e-120
    1.23371687e+000   9.79071734e-001   9.98750520e-001               nan
    7.70298656e-002   2.01732506e-002   1.28358106e-003               nan
    8.25038465e-002]]
batch:10000_2000 patch:30_5 train:100_0.15_PRO [[  1.21746291e+002   2.42179428e+002   9.93357686e-001   1.72872399e-115
    1.28206398e+000   9.79144854e-001   9.98664179e-001               nan
    7.76761569e-002   2.00573515e-002   1.32537593e-003               nan
    8.36661775e-002]]
batch:10000_2000 patch:30_7 train:100_0.1_PRO [[  6.38967990e+001   1.47193937e+002   9.91516196e-001   4.40195522e-109
    7.61506902e-001   9.78638469e-001   9.98355230e-001               nan
    8.27490156e-002   2.03995825e-002   1.62377446e-003               nan
    8.78536899e-002]]
batch:10000_2000 patch:30_7 train:100_0.11_PRO [[  6.40234224e+001   1.49720331e+002   9.92301412e-001   1.26415585e-111
    7.26416402e-001   9.78642606e-001   9.98293631e-001               nan
    8.21296174e-002   2.03803902e-002   1.67970880e-003               nan
    8.72691974e-002]]
batch:10000_2000 patch:30_7 train:100_0.12_PRO [[  6.05152476e+001   1.50996445e+002   9.90078156e-001   5.48773920e-105
    7.80789426e-001   9.78417183e-001   9.98228193e-001               nan
    8.62425114e-002   2.05542591e-002   1.68225603e-003               nan
    9.12739481e-002]]
batch:10000_2000 patch:30_7 train:100_0.13_PRO [[  4.93014479e+001   1.14790639e+002   9.88262081e-001   1.35709361e-100
    6.92830856e-001   9.77814967e-001   9.98867886e-001               nan
    9.93451427e-002   2.10871020e-002   1.00156019e-003               nan
    1.04037706e-001]]
batch:10000_2000 patch:30_7 train:100_0.14_PRO [[  3.31208195e+01   7.48816911e+01   9.80865129e-01   7.55212480e-88
    5.97639537e-01   9.77750234e-01   9.99215303e-01              nan
    1.17293810e-01   2.12255404e-02   7.09887486e-04              nan
    1.23156879e-01]]
batch:10000_2000 patch:30_7 train:100_0.15_PRO [[  4.14890664e+01   9.91805717e+01   9.82914444e-01   8.47155289e-91
    7.06304233e-01   9.77568812e-01   9.98895225e-01              nan
    1.09418168e-01   2.12329905e-02   9.07549324e-04              nan
    1.14440970e-01]]
batch:10000_2000 patch:30_10 train:100_0.1_PRO [[  3.56466640e+001   1.22743040e+002   9.94347244e-001   1.02745748e-119
    3.46033899e-001   9.77152485e-001   9.95477729e-001               nan
    7.83477847e-002   2.08614393e-002   3.47303640e-003               nan
    8.13388350e-002]]
batch:10000_2000 patch:30_10 train:100_0.11_PRO [[  3.66294830e+001   1.48558717e+002   9.94261125e-001   2.55824735e-119
    3.58296079e-001   9.76695706e-001   9.94791323e-001               nan
    7.89321797e-002   2.10856854e-002   3.94133213e-003               nan
    8.10439289e-002]]
batch:10000_2000 patch:30_10 train:100_0.12_PRO [[  3.71022200e+001   1.43265867e+002   9.94887978e-001   2.38105259e-122
    3.42364435e-001   9.76855910e-001   9.95129793e-001               nan
    7.86108558e-002   2.07959354e-002   3.51870153e-003               nan
    8.06409762e-002]]
batch:10000_2000 patch:30_10 train:100_0.13_PRO [[  3.73362117e+001   1.36085345e+002   9.95231002e-001   3.59848116e-124
    3.32677791e-001   9.76847689e-001   9.95126764e-001               nan
    7.82584678e-002   2.08871364e-002   3.56887342e-003               nan
    8.06566266e-002]]
batch:10000_2000 patch:30_10 train:100_0.14_PRO [[  3.71945093e+001   1.39031623e+002   9.95085651e-001   2.20355039e-123
    3.36464673e-001   9.77038667e-001   9.95550385e-001               nan
    7.88645609e-002   2.08348705e-002   3.26577971e-003               nan
    8.14199247e-002]]
batch:10000_2000 patch:30_10 train:100_0.15_PRO [[  3.74348482e+001   1.51185358e+002   9.95170978e-001   7.65585125e-124
    3.35664429e-001   9.77314867e-001   9.95930480e-001               nan
    7.93686318e-002   2.06672398e-002   3.00666156e-003               nan
    8.11027104e-002]]
batch:10000_2000 patch:35_5 train:100_0.1_PRO [[  1.35036204e+002   3.35798043e+002   9.94816358e-001   5.51331263e-122
    1.25482615e+000   9.79203611e-001   9.98435966e-001               nan
    7.22122155e-002   2.00195224e-002   1.57547496e-003               nan
    7.77770548e-002]]
batch:10000_2000 patch:35_5 train:100_0.11_PRO [[  1.33421244e+002   3.88029125e+002   9.94384597e-001   6.88717764e-120
    1.29084124e+000   9.79026365e-001   9.98369558e-001               nan
    7.39068178e-002   2.01416359e-002   1.58386117e-003               nan
    7.89177570e-002]]
batch:10000_2000 patch:35_5 train:100_0.12_PRO [[  1.41377578e+002   3.68275539e+002   9.95347116e-001   8.12748732e-125
    1.24418125e+000   9.79181548e-001   9.98273541e-001               nan
    7.11917666e-002   2.00108511e-002   1.70464722e-003               nan
    7.61099540e-002]]
batch:10000_2000 patch:35_5 train:100_0.13_PRO [[  1.36327074e+002   4.21429912e+002   9.94450209e-001   3.38896345e-120
    1.31116182e+000   9.79011843e-001   9.98158703e-001               nan
    7.37647439e-002   2.00885715e-002   1.72154328e-003               nan
    7.83243518e-002]]
batch:10000_2000 patch:35_5 train:100_0.14_PRO [[  1.37490173e+002   3.90103166e+002   9.94706985e-001   1.94376837e-121
    1.29114477e+000   9.79090261e-001   9.98387579e-001               nan
    7.26667212e-002   2.00298984e-002   1.54509798e-003               nan
    7.80143899e-002]]
batch:10000_2000 patch:35_5 train:100_0.15_PRO [[  1.34905891e+002   3.59925426e+002   9.94879914e-001   2.61867019e-122
    1.24584661e+000   9.79073130e-001   9.98249634e-001               nan
    7.33807163e-002   2.00967403e-002   1.69253653e-003               nan
    7.91354206e-002]]
batch:10000_2000 patch:35_7 train:100_0.1_PRO [[  6.90209072e+001   2.35764005e+002   9.93904629e-001   9.70255678e-118
    6.95978032e-001   9.78280100e-001   9.96543529e-001               nan
    7.51903066e-002   2.03186130e-002   2.87619764e-003               nan
    7.91629118e-002]]
batch:10000_2000 patch:35_7 train:100_0.11_PRO [[  6.74188732e+001   1.93104380e+002   9.93733421e-001   5.15871369e-117
    6.89394346e-001   9.78439443e-001   9.96682420e-001               nan
    7.48166913e-002   2.02040146e-002   2.76406137e-003               nan
    7.97923550e-002]]
batch:10000_2000 patch:35_7 train:100_0.12_PRO [[  7.10864530e+001   2.43147472e+002   9.94200281e-001   4.83356514e-119
    6.99049858e-001   9.78136660e-001   9.96301139e-001               nan
    7.49666265e-002   2.02926153e-002   2.96872240e-003               nan
    7.86915866e-002]]
batch:10000_2000 patch:35_7 train:100_0.13_PRO [[  6.63065402e+001   1.83918924e+002   9.93280125e-001   3.48149754e-115
    7.02355025e-001   9.78785397e-001   9.97473819e-001               nan
    7.50358253e-002   1.99750365e-002   2.09813737e-003               nan
    8.02760077e-002]]
batch:10000_2000 patch:35_7 train:100_0.14_PRO [[  7.36998797e+001   3.30443308e+002   9.93749449e-001   4.42032739e-117
    7.52647495e-001   9.77176072e-001   9.95310035e-001               nan
    7.59122566e-002   2.01537806e-002   3.20756869e-003               nan
    7.71707134e-002]]
batch:10000_2000 patch:35_7 train:100_0.15_PRO [[  7.14932861e+001   2.31826915e+002   9.94473843e-001   2.61960481e-120
    6.86127745e-001   9.78513910e-001   9.96747474e-001               nan
    7.32358048e-002   2.01942866e-002   2.77940739e-003               nan
    7.69550434e-002]]
batch:10000_2000 patch:35_10 train:100_0.1_PRO [[  3.58442308e+001   1.13005971e+002   9.95200353e-001   5.29729604e-124
    3.20415844e-001   9.78551681e-001   9.97877909e-001               nan
    7.78416548e-002   2.05172081e-002   2.02612248e-003               nan
    8.22077682e-002]]
batch:10000_2000 patch:35_10 train:100_0.11_PRO [[  2.75316174e+01   1.24312870e+02   9.86405445e-01   9.27228484e-97
    4.16965407e-01   9.77937450e-01   9.98903199e-01              nan
    9.68889606e-02   2.12104669e-02   1.12123946e-03              nan
    1.03499291e-01]]
batch:10000_2000 patch:35_10 train:100_0.12_PRO [[  3.68457502e+001   1.08992133e+002   9.95547831e-001   5.67415938e-126
    3.17138881e-001   9.78337653e-001   9.97502640e-001               nan
    7.80151513e-002   2.06017004e-002   2.22992096e-003               nan
    8.16858994e-002]]
batch:10000_2000 patch:35_10 train:100_0.13_PRO [[  2.59053498e+01   1.00300778e+02   9.86216860e-01   2.12205204e-96
    3.95104315e-01   9.77960329e-01   9.98191772e-01              nan
    9.71437933e-02   2.10705547e-02   1.70727556e-03              nan
    1.03179220e-01]]
batch:10000_2000 patch:35_10 train:100_0.14_PRO [[  2.53662422e+01   8.96276647e+01   9.86530418e-01   5.32265347e-97
    3.82364570e-01   9.77886638e-01   9.98690768e-01              nan
    9.70463656e-02   2.11430758e-02   1.25955483e-03              nan
    1.03333239e-01]]
batch:10000_2000 patch:35_10 train:100_0.15_PRO [[  2.60919323e+01   7.10482731e+01   9.85816987e-01   1.18322697e-95
    4.03804464e-01   9.77701876e-01   9.98881196e-01              nan
    1.00982760e-01   2.13025545e-02   1.04640329e-03              nan
    1.06191250e-01]]
batch:10000_2000 patch:45_5 train:100_0.1_PRO [[  1.18446262e+002   4.31169828e+002   9.90379235e-001   8.58180299e-106
    1.50452659e+000   9.79151527e-001   9.98361888e-001               nan
    7.73563930e-002   1.99994850e-002   1.50392533e-003               nan
    8.46567797e-002]]
batch:10000_2000 patch:45_5 train:100_0.11_PRO [[  1.20117676e+002   3.81078537e+002   9.91894798e-001   2.81160833e-110
    1.39882612e+000   9.79090901e-001   9.98047562e-001               nan
    7.60270506e-002   2.00610047e-002   1.81637304e-003               nan
    8.30343316e-002]]
batch:10000_2000 patch:45_5 train:100_0.12_PRO [[  1.24292115e+002   3.82098614e+002   9.92885247e-001   1.08905497e-113
    1.35510487e+000   9.79159521e-001   9.98075752e-001               nan
    7.45323269e-002   1.99974795e-002   1.77054155e-003               nan
    8.12180068e-002]]
batch:10000_2000 patch:45_5 train:100_0.13_PRO [[  1.24802777e+002   3.99512273e+002   9.92889400e-001   1.05137856e-113
    1.36027090e+000   9.79165329e-001   9.98283583e-001               nan
    7.45224055e-002   2.00264589e-002   1.59459667e-003               nan
    8.09018357e-002]]
batch:10000_2000 patch:45_5 train:100_0.14_PRO [[  1.24580042e+002   4.42922876e+002   9.91869004e-001   3.40494680e-110
    1.45312751e+000   9.79086198e-001   9.98401566e-001               nan
    7.58567615e-002   1.99564452e-002   1.36832429e-003               nan
    8.24578028e-002]]
batch:10000_2000 patch:45_5 train:100_0.15_PRO [[  1.18095305e+002   4.06568759e+002   9.92217624e-001   2.42745162e-111
    1.34727887e+000   9.79067275e-001   9.98066196e-001               nan
    7.66593121e-002   2.01149798e-002   1.78038776e-003               nan
    8.38080608e-002]]
batch:10000_2000 patch:45_7 train:100_0.1_PRO [[  6.27331153e+001   2.30362164e+002   9.91014783e-001   1.39955236e-107
    7.69707207e-001   9.79084111e-001   9.98527753e-001               nan
    7.69302304e-002   2.00966419e-002   1.37944075e-003               nan
    8.38765335e-002]]
batch:10000_2000 patch:45_7 train:100_0.11_PRO [[  6.72062372e+001   2.08394806e+002   9.92801301e-001   2.20890923e-113
    7.37078220e-001   9.79161234e-001   9.98533059e-001               nan
    7.39888009e-002   2.00540300e-002   1.39511994e-003               nan
    8.00214479e-002]]
batch:10000_2000 patch:45_7 train:100_0.12_PRO [[  6.54143535e+001   1.86330482e+002   9.93006034e-001   3.87874139e-114
    7.07040896e-001   9.79164309e-001   9.98471262e-001               nan
    7.41077862e-002   2.00557829e-002   1.45376640e-003               nan
    8.05845221e-002]]
batch:10000_2000 patch:45_7 train:100_0.13_PRO [[  6.87669075e+001   2.01213648e+002   9.93878108e-001   1.26073379e-117
    6.94937638e-001   9.79182296e-001   9.98762694e-001               nan
    7.42161592e-002   2.00875658e-002   1.19458917e-003               nan
    8.00502800e-002]]
batch:10000_2000 patch:45_7 train:100_0.14_PRO [[  6.66874885e+001   2.12341166e+002   9.92991825e-001   4.38366792e-114
    7.21541371e-001   9.79044008e-001   9.98370811e-001               nan
    7.48580025e-002   2.00904476e-002   1.45061116e-003               nan
    8.09749576e-002]]
batch:10000_2000 patch:45_7 train:100_0.15_PRO [[  6.46366174e+001   2.05851811e+002   9.92528462e-001   2.08034416e-112
    7.22354280e-001   9.79135914e-001   9.98594605e-001               nan
    7.51005590e-002   2.00277429e-002   1.32402261e-003               nan
    8.20059208e-002]]
batch:10000_2000 patch:45_10 train:100_0.1_PRO [[  3.47187624e+001   1.31927577e+002   9.93691933e-001   7.68054612e-117
    3.56202502e-001   9.78238682e-001   9.97102342e-001               nan
    7.73943275e-002   2.05266584e-002   2.44984829e-003               nan
    8.22318756e-002]]
batch:10000_2000 patch:45_10 train:100_0.11_PRO [[  3.52496268e+001   1.23019302e+002   9.93839000e-001   1.85113112e-117
    3.57368640e-001   9.78668025e-001   9.97898631e-001               nan
    7.63404576e-002   2.03503586e-002   1.88285909e-003               nan
    8.13377523e-002]]
batch:10000_2000 patch:45_10 train:100_0.12_PRO [[  3.46711931e+001   1.25475370e+002   9.93641751e-001   1.23864313e-116
    3.57140083e-001   9.78476724e-001   9.97442980e-001               nan
    7.60860927e-002   2.04078249e-002   2.13503558e-003               nan
    8.15443568e-002]]
batch:10000_2000 patch:45_10 train:100_0.13_PRO [[  3.51025902e+001   1.22502850e+002   9.93682371e-001   8.41526854e-117
    3.60415898e-001   9.78437398e-001   9.97549826e-001               nan
    7.62932843e-002   2.03228131e-002   2.01088272e-003               nan
    8.17427391e-002]]
batch:10000_2000 patch:45_10 train:100_0.14_PRO [[  3.59807116e+001   1.40272842e+002   9.93946845e-001   6.37992991e-118
    3.61544373e-001   9.77764765e-001   9.96504528e-001               nan
    7.68096754e-002   2.04902474e-002   2.62826873e-003               nan
    8.13453103e-002]]
batch:10000_2000 patch:45_10 train:100_0.15_PRO [[  3.67232717e+001   1.29019201e+002   9.94333016e-001   1.19572844e-119
    3.56937068e-001   9.77517095e-001   9.96560841e-001               nan
    7.77814571e-002   2.06410283e-002   2.55367429e-003               nan
    8.25671667e-002]]
batch:10000_2000 patch:55_5 train:100_0.1_PRO [[  1.35894113e+002   5.64321470e+002   9.93246877e-001   4.68838879e-115
    1.44305749e+000   9.78106427e-001   9.96680189e-001               nan
    7.46573766e-002   2.03682817e-002   2.56860192e-003               nan
    7.89009940e-002]]
batch:10000_2000 patch:55_5 train:100_0.11_PRO [[  1.34711655e+002   5.37193749e+002   9.93465827e-001   6.42414921e-116
    1.40688716e+000   9.78323333e-001   9.96939095e-001               nan
    7.49640736e-002   2.03293909e-002   2.43796300e-003               nan
    7.94798241e-002]]
batch:10000_2000 patch:55_5 train:100_0.12_PRO [[  1.32965588e+002   5.08114156e+002   9.92948378e-001   6.36310354e-114
    1.44315318e+000   9.78517579e-001   9.97470104e-001               nan
    7.54912200e-002   2.02613860e-002   2.01593174e-003               nan
    8.06494316e-002]]
batch:10000_2000 patch:55_5 train:100_0.13_PRO [[  1.27836449e+002   6.19566404e+002   9.92205361e-001   2.66910443e-111
    1.45957195e+000   9.78009301e-001   9.96848803e-001               nan
    7.78091263e-002   2.03050109e-002   2.27419813e-003               nan
    8.24812388e-002]]
batch:10000_2000 patch:55_5 train:100_0.14_PRO [[  1.27896903e+002   6.84187414e+002   9.90758747e-001   7.60257105e-107
    1.59174750e+000   9.78012512e-001   9.97215556e-001               nan
    8.00215993e-002   2.03301420e-002   1.90507758e-003               nan
    8.43954537e-002]]
batch:10000_2000 patch:55_5 train:100_0.15_PRO [[  1.18627402e+002   5.91672762e+002   9.89930538e-001   1.33519802e-104
    1.54208992e+000   9.78217138e-001   9.97433624e-001               nan
    8.24463701e-002   2.05928558e-002   2.02085236e-003               nan
    8.85317142e-002]]
batch:10000_2000 patch:55_7 train:100_0.1_PRO [[  7.14391821e+001   2.34141624e+002   9.94261317e-001   2.55306580e-119
    6.98779861e-001   9.78654328e-001   9.98001586e-001               nan
    7.46653705e-002   2.02539440e-002   1.61940734e-003               nan
    7.92866313e-002]]
batch:10000_2000 patch:55_7 train:100_0.11_PRO [[  6.98232832e+001   2.18228233e+002   9.94254670e-001   2.73774472e-119
    6.83372852e-001   9.78598562e-001   9.97958282e-001               nan
    7.50509099e-002   2.02419002e-002   1.63239216e-003               nan
    8.00480135e-002]]
batch:10000_2000 patch:55_7 train:100_0.12_PRO [[  7.27506216e+001   3.12509860e+002   9.94512061e-001   1.72337419e-120
    6.95755955e-001   9.77969176e-001   9.97048636e-001               nan
    7.61935084e-002   2.02167895e-002   2.16910851e-003               nan
    7.87956060e-002]]
batch:10000_2000 patch:55_7 train:100_0.13_PRO [[  7.48485101e+001   3.19738009e+002   9.94392550e-001   6.32270256e-120
    7.23636781e-001   9.77720395e-001   9.96889772e-001               nan
    7.64961976e-002   2.04221985e-002   2.30963897e-003               nan
    7.86824793e-002]]
batch:10000_2000 patch:55_7 train:100_0.14_PRO [[  6.86529818e+001   2.34729549e+002   9.93729064e-001   5.37959001e-117
    7.02260107e-001   9.78801069e-001   9.98167058e-001               nan
    7.53053299e-002   2.00489953e-002   1.43506947e-003               nan
    8.03006321e-002]]
batch:10000_2000 patch:55_7 train:100_0.15_PRO [[  7.39505683e+001   2.66477423e+002   9.94786230e-001   7.82166149e-122
    6.89196658e-001   9.78412525e-001   9.97609636e-001               nan
    7.53006575e-002   2.01144437e-002   1.80964829e-003               nan
    7.88303543e-002]]
batch:10000_2000 patch:55_10 train:100_0.1_PRO [[  3.67636695e+001   1.86326973e+002   9.94534327e-001   1.34847051e-120
    3.50872194e-001   9.77578913e-001   9.96655159e-001               nan
    8.13494140e-002   2.05416303e-002   2.37415187e-003               nan
    8.30639878e-002]]
batch:10000_2000 patch:55_10 train:100_0.11_PRO [[  3.51758584e+001   1.63841778e+002   9.93689317e-001   7.87501932e-117
    3.60967679e-001   9.77722267e-001   9.96763669e-001               nan
    8.09557944e-002   2.05147552e-002   2.29092993e-003               nan
    8.44070356e-002]]
batch:10000_2000 patch:55_10 train:100_0.12_PRO [[  3.64589306e+001   1.76270865e+002   9.94674139e-001   2.82336703e-121
    3.43448236e-001   9.78001293e-001   9.97141647e-001               nan
    8.12911843e-002   2.04759721e-002   2.06952681e-003               nan
    8.36606048e-002]]
batch:10000_2000 patch:55_10 train:100_0.13_PRO [[  3.62547712e+001   1.76388232e+002   9.94539114e-001   1.27903493e-120
    3.45862479e-001   9.77661216e-001   9.96682684e-001               nan
    8.12357124e-002   2.06335491e-002   2.35453559e-003               nan
    8.33594158e-002]]
batch:10000_2000 patch:55_10 train:100_0.14_PRO [[  3.41080541e+001   1.87648518e+002   9.93180364e-001   8.46630116e-115
    3.63990476e-001   9.77466772e-001   9.96718746e-001               nan
    8.22588159e-002   2.02768497e-002   2.15247913e-003               nan
    8.39347120e-002]]
batch:10000_2000 patch:55_10 train:100_0.15_PRO [[  3.48821237e+001   1.97251083e+002   9.92600523e-001   1.15986816e-112
    3.87923742e-001   9.77218712e-001   9.96642794e-001               nan
    8.43672171e-002   2.06301152e-002   2.27610794e-003               nan
    8.57297294e-002]]
