   1.0000000e+00   0.0000000e+00   0.0000000e+00
   2.7000000e+01   7.5966667e+02   1.2423499e+02
   4.0000000e+01   2.0303333e+03   3.9721824e+02
   7.9000000e+01   3.3923333e+03   2.7926570e+02
   1.2200000e+02   6.5696667e+03   9.9228692e+01
   1.6000000e+02   8.3973333e+03   7.4144004e+01
   1.0000000e+00   1.0164000e+04   3.1457749e+02
   1.8000000e+01   1.0820000e+03   3.6926820e+02
   2.8000000e+01   2.1090000e+03   3.5046112e+02
   4.2000000e+01   2.8896667e+03   2.9850014e+02
   1.2100000e+02   3.4376667e+03   3.8251841e+02
   2.2300000e+02   7.3893333e+03   4.2880104e+02
   0.0000000e+00   1.0737000e+04   1.0697906e+03
   1.1000000e+01   7.2566667e+02   1.5963187e+02
   2.4000000e+01   1.4040000e+03   2.3550159e+02
   4.6000000e+01   2.0530000e+03   1.9982743e+02
   1.4200000e+02   3.2183333e+03   3.5557465e+01
   1.7300000e+02   6.8140000e+03   1.9751709e+02
   3.0000000e+00   7.7246667e+03   4.4113754e+02
   1.9000000e+01   1.1433333e+02   3.4530180e+01
   2.3000000e+01   2.5933333e+03   1.3376970e+02
   7.6000000e+01   2.0583333e+03   4.4144800e+02
   1.9100000e+02   4.4603333e+03   7.3396344e+02
   1.9700000e+02   8.1713333e+03   4.9268279e+02
   0.0000000e+00   8.9560000e+03   5.1582071e+02
   1.5000000e+01   9.2433333e+02   4.1585254e+01
   2.4000000e+01   1.5820000e+03   5.6293872e+01
   4.5000000e+01   1.6260000e+03   1.9120931e+02
   9.1000000e+01   2.8086667e+03   2.8199527e+02
   1.5200000e+02   4.6606667e+03   1.9900335e+02
   0.0000000e+00   6.7660000e+03   9.8503807e+01
   1.6000000e+01   6.6033333e+02   2.9013158e+02
   2.7000000e+01   1.5936667e+03   3.1639427e+02
   3.4000000e+01   2.8490000e+03   1.7660408e+02
   8.8000000e+01   3.6863333e+03   1.8705703e+02
   0.0000000e+00   6.7666667e+03   3.2416714e+02
   9.0000000e+00   1.0063333e+03   9.3361305e+01
   1.2000000e+01   1.7626667e+03   2.9657602e+02
   6.9000000e+01   1.8730000e+03   3.4073890e+02
   1.0400000e+02   4.1553333e+03   5.6518434e+01
   1.2300000e+02   5.2076667e+03   1.2492531e+02
   0.0000000e+00   6.7263333e+03   3.1092175e+02
