   1.0000000e+00   2.8000000e+01   1.4525839e+01
   2.7000000e+01   6.4000000e+01   1.1532563e+01
   4.0000000e+01   1.1733333e+02   1.0785793e+01
   7.9000000e+01   2.1266667e+02   6.1101009e+00
   1.2200000e+02   2.8866667e+02   6.4291005e+00
   1.6000000e+02   3.4533333e+02   1.7039171e+01
   1.0000000e+00   3.2000000e+01   1.1357817e+01
   1.8000000e+01   7.9333333e+01   1.1547005e+01
   2.8000000e+01   9.6333333e+01   1.7785762e+01
   4.2000000e+01   1.2366667e+02   1.2662280e+01
   1.2100000e+02   2.6366667e+02   2.0984121e+01
   2.2300000e+02   3.5133333e+02   4.8952358e+01
   0.0000000e+00   3.2000000e+01   1.0148892e+01
   1.1000000e+01   5.2000000e+01   9.1651514e+00
   2.4000000e+01   6.8666667e+01   1.2897028e+01
   4.6000000e+01   1.0666667e+02   8.0208063e+00
   1.4200000e+02   2.2066667e+02   6.8068593e+00
   1.7300000e+02   2.3866667e+02   2.7153882e+01
   3.0000000e+00   2.3333333e+00   3.2145503e+00
   1.9000000e+01   9.7000000e+01   1.3747727e+01
   2.3000000e+01   6.4333333e+01   2.8676355e+01
   7.6000000e+01   1.6666667e+02   1.8036999e+01
   1.9100000e+02   2.9366667e+02   1.7925773e+01
   1.9700000e+02   3.0233333e+02   1.9731531e+01
   0.0000000e+00   3.9333333e+01   5.7735027e-01
   1.5000000e+01   5.9666667e+01   1.0503968e+01
   2.4000000e+01   5.4000000e+01   5.5677644e+00
   4.5000000e+01   9.7666667e+01   1.0066446e+01
   9.1000000e+01   1.5833333e+02   5.8594653e+00
   1.5200000e+02   2.3000000e+02   2.4515301e+01
   0.0000000e+00   2.7000000e+01   1.6093477e+01
   1.6000000e+01   5.3333333e+01   1.1015141e+01
   2.7000000e+01   1.0133333e+02   2.5166115e+00
   3.4000000e+01   1.2900000e+02   1.1135529e+01
   8.8000000e+01   2.1300000e+02   1.6822604e+01
   0.0000000e+00   3.4000000e+01   2.0000000e+00
   9.0000000e+00   5.9666667e+01   1.0692677e+01
   1.2000000e+01   7.3666667e+01   8.6216781e+00
   6.9000000e+01   1.3600000e+02   6.5574385e+00
   1.0400000e+02   1.8433333e+02   1.7039171e+01
   1.2300000e+02   2.2566667e+02   6.5064071e+00
