detector_1_no_0_angle_1.jpg 0
detector_1_no_0_angle_2.jpg 1 0 901 31 123
detector_1_no_0_angle_3.jpg 1 0 198 29 124
detector_1_no_1_angle_1.jpg 27 735 813 44 32 547 853 21 21 444 868 79 68 453 925 37 35 318 917 34 36 4 950 31 29 128 758 80 67 13 221 37 38 0 811 44 109 457 393 35 33 602 180 42 40 675 453 38 36 724 445 37 34 799 464 42 37 936 387 39 34 848 84 38 42 997 490 29 37 810 624 33 31 772 718 33 32 828 870 77 76 940 913 72 80 1005 931 43 38 1433 636 34 34 1524 789 39 35 1626 826 41 42 1394 321 38 33 1479 280 45 38
detector_1_no_1_angle_2.jpg 26 0 538 60 112 15 865 41 33 151 775 73 70 435 550 75 78 598 895 43 40 706 819 38 35 777 832 33 31 912 856 37 37 674 400 38 39 962 426 39 44 306 337 41 44 440 338 36 52 521 331 35 39 449 115 40 41 719 295 39 44 762 142 39 41 817 164 40 40 810 204 60 66 1011 270 36 38 893 350 36 34 903 340 73 73 1402 478 35 33 1577 346 40 39 1370 800 35 31 1417 755 30 34 1446 864 40 35
detector_1_no_1_angle_3.jpg 27 0 93 54 121 146 206 67 69 41 781 36 41 445 536 37 49 587 812 36 45 879 843 34 36 673 499 35 39 694 546 33 33 887 606 30 25 832 471 37 35 1024 451 34 33 763 368 35 34 784 217 38 36 736 137 35 36 527 112 30 36 435 28 37 42 429 51 82 88 293 46 38 37 835 38 72 75 929 0 75 70 987 11 40 39 1418 181 36 31 1643 104 42 44 1422 320 31 31 1318 654 38 38 1384 697 35 41 0 19 30 38
detector_1_no_2_angle_1.jpg 40 1683 370 45 35 1435 382 38 31 1368 253 43 37 1471 30 35 39 847 455 82 73 1122 735 36 34 1019 668 32 36 943 635 38 38 852 858 36 38 825 787 37 34 790 648 42 34 458 891 37 33 674 588 38 33 746 454 39 36 623 543 35 35 565 537 37 33 493 608 34 34 1307 294 41 36 953 294 84 73 1024 248 37 34 886 211 33 33 810 31 67 68 774 88 29 40 696 214 33 37 649 281 33 36 581 309 36 35 532 411 32 35 434 345 42 41 657 75 34 32 413 144 86 79 333 204 74 75 255 233 39 34 286 289 39 34 289 366 38 39 148 450 34 33 99 414 41 35 48 343 36 30 105 31 75 75 0 104 11 65 0 179 23 103
detector_1_no_2_angle_2.jpg 41 1001 30 31 29 938 29 67 65 838 102 72 75 794 57 72 73 1415 86 41 36 1639 139 43 39 1411 309 41 35 1123 370 36 33 943 361 35 39 791 310 35 36 768 260 33 33 742 185 37 38 657 165 33 36 1368 584 36 36 1308 556 34 39 1022 509 33 33 888 489 33 31 871 888 30 29 832 559 35 36 700 443 32 34 678 518 37 41 497 505 35 37 637 853 29 30 658 653 35 44 593 688 35 39 455 653 40 38 63 669 34 35 570 373 29 35 534 150 33 35 429 16 77 86 444 69 37 38 347 9 74 69 302 84 38 37 308 204 31 35 281 22 31 32 143 100 70 68 164 161 35 32 121 114 38 35 4 14 37 36 0 65 56 110 0 102 24 27
detector_1_no_2_angle_3.jpg 40 1548 305 38 38 1359 163 41 38 1428 81 40 41 847 321 74 67 920 133 34 32 806 214 34 34 718 185 37 37 686 289 32 30 634 195 32 29 658 40 46 46 592 38 43 44 1466 535 38 32 1708 692 46 37 855 552 34 29 1116 931 34 37 1056 652 37 39 979 702 80 75 948 810 41 36 864 827 76 67 799 875 42 37 829 804 37 38 765 757 37 36 688 585 37 36 550 741 35 34 473 842 34 38 453 742 44 39 304 753 42 36 168 778 34 31 117 781 39 32 579 671 37 34 507 623 35 37 428 502 86 81 347 609 77 69 268 644 40 35 300 526 38 33 0 612 5 34 0 490 23 110 0 406 5 76 95 282 81 73 36 105 38 42
detector_1_no_3_angle_1.jpg 88 864 810 38 41 839 818 40 34 808 724 38 35 1135 808 38 33 1125 792 42 34 1032 701 36 32 958 695 41 39 1141 564 38 35 1037 526 40 35 1707 445 56 44 1464 415 35 31 1515 78 30 29 1490 146 27 22 1317 108 29 33 1315 61 35 31 1441 171 21 21 1407 194 32 38 1346 294 36 35 1341 250 35 35 1286 131 32 31 1281 195 35 34 1169 224 24 22 1154 258 30 26 1125 262 33 30 1118 284 31 31 1085 274 30 30 1037 370 53 42 1046 335 41 32 971 386 81 77 861 553 81 73 817 489 33 34 766 531 36 34 718 483 40 40 644 468 28 25 725 658 25 24 691 597 35 34 580 575 36 33 505 624 36 35 439 575 44 51 544 493 35 34 447 512 38 39 446 438 41 40 347 405 36 31 288 473 76 71 285 453 45 37 262 409 41 40 168 515 27 21 183 490 23 23 409 631 49 46 472 912 39 35 357 824 36 40 312 716 35 30 360 747 26 27 285 668 26 23 232 693 23 22 8 874 61 51 73 649 29 29 64 633 36 32 150 530 37 35 99 503 45 36 907 167 34 42 918 42 63 61 818 83 68 59 801 147 31 35 792 92 36 37 662 214 40 34 669 202 33 29 710 187 38 35 669 99 39 33 592 226 45 42 492 149 113 108 384 219 86 82 331 287 82 71 290 335 37 37 255 316 37 40 296 267 43 40 476 99 76 69 302 134 36 33 301 42 102 95 61 128 98 82 156 58 50 47 61 70 82 65 101 139 19 22 53 272 40 37 37 220 37 28 0 141 60 73 0 173 13 71 0 320 13 71
detector_1_no_3_angle_2.jpg 91 1483 20 34 30 1461 66 26 24 1290 2 34 32 1267 82 29 36 656 288 39 37 593 313 35 38 467 867 37 32 1128 709 39 37 1120 788 35 38 863 856 29 33 834 765 36 37 1134 440 33 31 1027 460 38 36 1027 654 30 33 950 611 38 36 857 422 80 73 801 617 38 36 811 436 33 35 757 422 37 37 718 570 26 24 684 572 35 34 638 552 25 25 711 517 42 39 538 382 37 32 575 511 36 35 502 588 36 38 432 640 50 50 404 595 51 47 445 563 37 40 168 625 24 24 180 601 24 28 311 707 31 33 350 866 32 34 352 843 26 27 280 769 23 21 224 791 25 30 0 786 62 54 63 708 32 33 72 512 34 33 442 313 43 39 349 276 34 35 289 360 72 66 288 328 43 39 261 320 41 39 293 267 35 35 152 412 36 37 104 377 40 36 59 343 37 34 1783 786 36 36 1689 347 48 45 1447 369 28 32 1417 286 22 25 1386 259 31 37 1322 297 32 36 1326 242 33 32 1296 219 25 28 1260 160 33 33 1137 372 28 29 1112 350 28 25 1104 358 27 28 1072 330 29 28 1025 323 51 49 1034 219 38 36 964 263 76 74 896 209 33 34 904 0 61 57 808 16 65 63 791 220 29 31 707 209 33 35 783 75 32 33 660 105 34 28 665 57 33 31 493 67 110 103 519 89 28 21 477 25 72 71 383 121 83 81 336 172 80 73 302 169 40 36 256 198 39 36 306 99 33 33 310 0 90 93 162 8 50 46 74 13 73 68 70 49 98 84 107 65 23 22 48 119 34 30 0 94 21 70 0 152 20 22 0 171 5 28 0 196 69 74 0 206 27 72
detector_1_no_3_angle_3.jpg 80 33 857 62 59 58 252 36 34 53 313 80 69 144 297 54 52 55 415 99 85 0 447 11 73 0 515 12 89 43 556 37 26 0 626 10 31 0 645 29 74 117 781 42 35 164 769 38 32 313 769 15 14 295 761 42 32 297 736 69 65 354 741 34 32 449 753 38 37 465 757 39 38 542 741 32 35 261 669 40 33 60 900 16 16 96 886 35 31 710 766 27 25 753 750 35 36 817 742 32 34 789 847 35 35 845 826 74 71 930 776 38 38 957 724 79 71 1037 684 34 34 1006 662 32 28 1021 625 33 35 1095 580 32 35 667 546 34 31 683 540 33 33 806 562 35 33 850 453 27 29 1032 460 49 51 823 364 71 65 928 282 67 64 679 316 32 30 712 294 40 44 474 380 80 73 490 466 115 102 501 577 36 34 349 465 34 34 382 542 86 77 296 529 32 32 315 544 32 29 301 582 39 38 268 630 41 40 338 636 78 72 573 642 38 36 1107 827 38 35 1087 893 35 39 1668 710 49 41 1440 529 38 35 1338 482 35 36 1495 476 28 21 1531 354 37 41 1283 361 36 34 1297 351 36 32 1333 348 39 35 0 33 44 67 41 63 39 35 295 254 103 91 427 246 50 47 440 252 41 34 594 1 42 42 661 5 42 46 637 121 29 33 803 16 36 34 717 177 36 36 799 234 38 32 915 122 36 36 1089 124 36 32 1123 74 36 34 1132 18 35 38 1353 143 34 34 1423 68 35 35
